[window]
width=1019.000000
height=614.000000
posx=2344
posy=168
diindex=2
minimized=0